{type=1, SignalData={UpBandWidth=8553, DownBandWidth=85207}, BandWidth=[0.0, 0.0, 4713.193, 5013.805, 5143.571, 5392.24, 5934.508, 5626.212, 5914.44, 5023.8, 5494.6, 5061.499, 5056.984, 4706.468, 4933.613, 5160.6, 1262.472, 0.0, 4377.853, 5455.635, 5138.204, 5332.72, 5269.971, 5534.48, 5344.312, 5995.0, 5795.205, 5286.714, 5314.686, 4383.0, 4527.473, 4858.142, 3236.292], Jitter=[6.763999999999999, 13.061, 2.6130000000000013, 0.7390000000000008, 1.455, 2.8840000000000003, 2.165000000000001, 1.1790000000000003, 0.125, 2.306000000000001, 1.7750000000000004, 1.072000000000001, 2.4620000000000015, 0.5560000000000009, 0.2010000000000005, 81.039, 52.93599999999999, 30.386000000000003, 0.588000000000001, 2.644, 5.231000000000002, 3.8790000000000013, 1.700000000000001, 1.626999999999999, 0.06799999999999962, 1.3170000000000002, 1.0199999999999996, 8.770999999999999, 8.171, 3.1910000000000007, 0.4529999999999994, 5.153999999999998], PacketLoss=[0.0], Delay=[28.647, 21.883, 8.822, 11.435, 10.696, 12.151, 9.267, 11.432, 12.611, 12.486, 10.18, 11.955, 10.883, 13.345, 12.789, 12.588, 93.627, 40.691, 10.305, 10.893, 13.537, 8.306, 12.185, 10.485, 8.858, 8.926, 7.609, 8.629, 17.4, 9.229, 12.42, 11.967, 17.121], req=3}

即：
type=1
req:3
ubw:8553
dbw:85207
dbm:0
Rsrq:0
band:[0.0, 0.0, 4713.193, 5013.805, 5143.571, 5392.24, 5934.508, 5626.212, 5914.44, 5023.8, 5494.6, 5061.499, 5056.984, 4706.468, 4933.613, 5160.6, 1262.472, 0.0, 4377.853, 5455.635, 5138.204, 5332.72, 5269.971, 5534.48, 5344.312, 5995.0, 5795.205, 5286.714, 5314.686, 4383.0, 4527.473, 4858.142, 3236.292]
pack:[0.0]
delay:[28.647, 21.883, 8.822, 11.435, 10.696, 12.151, 9.267, 11.432, 12.611, 12.486, 10.18, 11.955, 10.883, 13.345, 12.789, 12.588, 93.627, 40.691, 10.305, 10.893, 13.537, 8.306, 12.185, 10.485, 8.858, 8.926, 7.609, 8.629, 17.4, 9.229, 12.42, 11.967, 17.121]
jitter:[6.763999999999999, 13.061, 2.6130000000000013, 0.7390000000000008, 1.455, 2.8840000000000003, 2.165000000000001, 1.1790000000000003, 0.125, 2.306000000000001, 1.7750000000000004, 1.072000000000001, 2.4620000000000015, 0.5560000000000009, 0.2010000000000005, 81.039, 52.93599999999999, 30.386000000000003, 0.588000000000001, 2.644, 5.231000000000002, 3.8790000000000013, 1.700000000000001, 1.626999999999999, 0.06799999999999962, 1.3170000000000002, 1.0199999999999996, 8.770999999999999, 8.171, 3.1910000000000007, 0.4529999999999994, 5.153999999999998, 0]

